 7.087
 8.872
10.260
10.607
10.739
10.774
11.055
11.099
11.184
11.205
11.295
11.538
11.554
11.609
11.684
11.730
11.762
11.779
11.879
11.895
12.234
12.306
12.423
12.426
12.474
12.546
12.602
12.711
12.792
12.853
12.871
12.909
12.938
12.938
13.064
13.120
13.140
13.182
13.244
13.268
13.360
13.419
13.541
13.544
13.549
13.598
13.615
13.646
13.656
13.700
13.751
13.767
13.773
13.779
13.836
13.844
13.851
13.864
13.875
13.899
13.914
13.970
13.995
14.039
14.078
14.111
14.114
14.137
14.204
14.221
14.227
14.233
14.249
14.254
14.298
14.300
14.337
14.397
14.402
14.501
14.521
14.538
14.580
14.623
14.649
14.691
14.717
14.759
14.775
14.798
14.845
14.846
14.875
14.927
14.929
14.953
14.974
15.005
15.035
15.050
15.052
15.055
15.093
15.096
15.111
15.118
15.120
15.142
15.151
15.231
15.236
15.249
15.257
15.320
15.338
15.406
15.416
15.424
15.441
15.479
15.500
15.502
15.522
15.574
15.574
15.588
15.604
15.641
15.642
15.686
15.697
15.732
15.760
15.773
15.790
15.816
15.853
15.866
15.867
15.887
15.903
15.904
15.941
15.960
15.978
16.001
16.028
16.030
16.043
16.060
16.082
16.085
16.116
16.133
16.137
16.146
16.158
16.168
16.178
16.208
16.217
16.227
16.276
16.305
16.309
16.332
16.347
16.353
16.387
16.397
16.401
16.486
16.501
16.512
16.522
16.523
16.535
16.579
16.587
16.594
16.612
16.622
16.659
16.659
16.666
16.672
16.745
16.765
16.783
16.790
16.803
16.814
16.840
16.844
16.850
16.869
16.870
16.930
16.976
16.993
17.008
17.058
17.075
17.115
17.118
17.122
17.144
17.167
17.214
17.247
17.252
17.270
17.282
17.316
17.319
17.341
17.342
17.357
17.367
17.408
17.520
17.574
17.582
17.608
17.639
17.682
17.731
17.732
17.807
17.812
17.826
17.837
17.880
17.895
17.910
17.915
17.932
17.985
17.995
18.007
18.029
18.040
18.043
18.065
18.074
18.080
18.094
18.136
18.143
18.217
18.240
18.245
18.347
18.352
18.367
18.390
18.412
18.438
18.443
18.453
18.466
18.471
18.472
18.473
18.478
18.514
18.561
18.647
18.652
18.659
18.701
18.745
18.803
18.826
18.871
18.883
18.883
18.909
18.923
18.934
18.937
18.954
18.982
18.982
19.005
19.013
19.054
19.060
19.065
19.105
19.184
19.197
19.204
19.209
19.270
19.299
19.325
19.365
19.404
19.407
19.465
19.480
19.482
19.505
19.506
19.529
19.564
19.630
19.668
19.678
19.703
19.726
19.827
19.834
19.859
19.896
19.942
19.947
19.977
20.015
20.097
20.106
20.141
20.159
20.164
20.189
20.220
20.272
20.285
20.298
20.318
20.381
20.412
20.429
20.437
20.505
20.553
20.576
20.581
20.595
20.604
20.667
20.727
20.766
20.770
20.778
20.874
20.876
20.905
20.927
20.977
21.099
21.118
21.148
21.152
21.170
21.192
21.234
21.440
21.527
21.697
21.721
21.736
21.823
21.850
21.913
21.924
21.926
21.943
21.947
22.008
22.123
22.129
22.150
22.186
22.246
22.247
22.274
22.292
22.450
22.459
22.483
22.519
22.635
22.644
22.744
22.854
22.867
22.869
22.920
22.944
22.972
23.046
23.060
23.069
23.073
23.084
23.102
23.114
23.235
23.280
23.322
23.340
23.471
23.560
23.588
23.591
23.646
23.725
23.854
23.876
23.893
23.924
23.932
23.937
24.094
24.267
24.282
24.283
24.302
24.303
24.312
24.323
24.343
24.346
24.377
24.380
24.451
24.495
24.630
24.732
24.734
24.917
25.061
25.118
25.145
25.194
25.307
25.397
25.469
25.733
25.735
26.126
26.161
26.246
26.314
26.520
26.884
27.016
27.048
27.085
27.531
27.536
27.703
27.858
27.988
28.057
28.486
28.821
28.834
29.102
29.516
29.666
29.793
30.093
30.138
30.209
30.221
30.399
30.417
30.459
30.632
30.773
31.018
31.546
31.963
31.967
32.112
32.284
32.302
32.687
33.179
34.503
34.958
34.970
35.954
36.022
36.201
36.574
38.272
40.277
40.502
40.662
41.489
41.656
43.716
45.444
46.101
49.073
51.980
